30,33
30,32
30,31
30,30
30,29
30,28
30,27
30,26
30,25
30,24
30,23
30,22
30,21
30,20
30,19
30,18
30,17
30,16
30,15
30,14
30,13
30,12
30,11
30,10
30,9
30,8
30,7
30,6
30,5
30,4
30,3
30,2
30,1
30,0
29,4
29,3
29,2
29,1
29,0
27,4
27,3
27,2
27,1
27,0
26,4
26,3
26,2
26,1
26,0
25,4
25,3
25,2
25,1
25,0
21,4
21,3
21,2
21,1
21,0
19,3
19,2
19,1
19,0
18,4
18,3
18,2
18,1
18,0
8,4
8,3
8,2
8,1
8,0
6,4
6,3
6,2
6,1
6,0
5,3
5,2
5,1
5,0
4,3
4,2
4,1
4,0
3,6
3,5
3,4
3,3
3,2
3,1
3,0
2,5
2,4
2,3
2,2
2,1
2,0
1,3
1,2
1,1
1,0
0,431
0,412
0,324
0,243
0,9
0,0
0,1
0,438
0,300
0,418
0,299
0,308
0,298
0,363
0,297
0,383
0,296
0,351
0,295
0,428
0,294
0,395
0,293
0,396
0,292
0,364
0,291
0,391
0,290
0,313
0,289
0,326
0,288
0,335
0,287
0,325
0,286
0,386
0,285
0,353
0,284
0,407
0,283
0,414
0,282
0,344
0,281
0,436
0,280
0,340
0,279
0,323
0,278
0,322
0,277
0,430
0,276
0,357
0,275
0,394
0,274
0,446
0,273
0,393
0,272
0,372
0,271
0,419
0,270
0,366
30,34
30,35
30,37
30,38
30,40
30,41
30,43
30,45
30,46
30,65
30,66
30,68
30,70
30,71
30,73
30,74
30,76
30,77
30,79
30,81
30,82
30,84
30,85
30,87
30,89
30,90
30,92
30,93
30,95
30,96
30,98
30,100
30,101
30,103
30,104
30,106
30,108
30,109
30,111
30,112
30,114
30,115
30,117
30,119
30,120
30,122
30,123
30,125
30,127
30,128
30,130
30,131
30,133
30,135
30,136
30,138
30,139
30,141
30,142
30,144
30,146
30,147
30,149
30,150
30,152
30,154
30,155
30,157
30,158
30,160
30,161
30,163
30,165
30,166
30,168
30,169
30,171
30,173
30,174
30,176
30,177
30,179
30,180
30,182
30,184
30,185
30,187
30,188
30,190
30,192
30,193
30,195
30,196
30,198
30,200
30,201
30,203
30,204
30,206
30,207
30,209
30,211
30,212
30,214
30,215
30,217
30,219
30,220
30,222
30,223
30,225
30,226
30,228
30,230
30,231
30,233
30,234
30,236
30,238
30,239
30,241
30,242
30,244
31,0
31,2
31,4
32,0
32,2
32,3
32,5
32,7
33,0
33,2
33,3
34,0
34,1
34,3
34,5
35,0
35,2
35,3
36,0
36,2
36,3
36,5
37,0
37,2
37,4
37,5
38,0
38,1
38,3
38,4
39,0
39,2
39,3
39,5
39,6
40,1
40,3
40,4
41,1
41,2
41,4
42,0
42,2
42,4
42,5
42,6
42,3
42,1
41,3
41,0
40,2
40,0
39,4
39,1
38,5
38,2
37,6
37,3
37,1
36,4
36,1
35,5
35,1
34,4
34,2
33,4
33,1
32,6
32,4
32,1
31,3
31,1
30,243
30,240
30,237
30,235
30,232
30,229
30,227
30,224
30,221
30,218
30,216
30,213
30,210
30,208
30,205
30,202
30,199
30,197
30,194
30,191
30,189
30,186
30,183
30,181
30,178
30,175
30,172
30,170
30,167
30,164
30,162
30,159
30,156
30,153
30,151
30,148
30,145
30,143
30,140
30,137
30,134
30,132
30,129
30,126
30,124
30,121
30,118
30,116
30,113
30,110
30,107
30,105
30,102
30,99
30,97
30,94
30,91
30,88
30,86
30,83
30,80
30,78
30,75
30,72
30,69
30,67
30,64
30,44
30,42
30,39
30,36
0,269
0,387
0,268
0,426
0,267
0,390
0,266
0,413
0,265
0,352
0,264
0,339
0,263
0,420
0,262
0,400
0,261
0,402
0,260
0,401
0,259
0,432
0,258
0,330
0,257
0,423
0,256
0,417
0,255
0,359
0,254
0,349
0,253
0,424
0,252
0,365
0,251
0,377
0,250
0,320
0,249
0,316
0,248
0,416
0,247
0,427
0,246
0,439
0,245
0,301
0,244
0,409
0,242
0,337
0,241
0,345
0,240
0,336
0,239
0,333
0,238
0,356
0,237
0,380
0,236
0,388
0,235
0,398
0,234
0,435
0,233
0,329
0,232
0,397
0,231
0,404
0,230
0,447
0,229
0,319
0,228
0,341
0,227
0,355
0,226
0,346
0,225
0,312
0,224
0,425
0,223
0,405
0,222
0,421
0,221
0,321
0,220
0,309
0,219
0,422
0,218
0,328
0,217
0,367
0,216
0,385
0,215
0,429
0,214
0,442
0,213
0,358
0,212
0,379
0,211
0,374
0,210
0,370
0,209
0,437
0,208
0,434
0,207
0,384
0,206
0,348
0,205
0,373
0,204
0,382
0,203
0,381
0,202
0,443
0,201
0,368
0,200
0,411
0,199
0,315
0,198
0,314
0,197
0,403
0,196
0,362
0,195
0,371
0,194
0,392
0,193
0,410
0,192
0,399
0,63
0,375
0,62
0,332
0,61
0,327
0,60
0,311
0,59
0,334
0,58
0,389
0,57
0,369
0,56
0,440
0,55
0,433
0,54
0,408
0,53
0,317
0,52
0,318
0,51
0,441
0,50
0,415
0,49
0,445
0,48
0,347
0,47
0,354
0,46
0,444
0,45
0,331
0,6
0,5
0,304
0,303
0,306
0,305
0,302
0,12
0,406
0,10
0,8
0,11
0,4
0,2
0,3
0,7
